# oST version 5.0 parameters


[image]

width
1024

height
768

[narrow_stereo/right]

camera matrix
837.808605 0.000000 512.817816
0.000000 839.645349 381.635132
0.000000 0.000000 1.000000

distortion
-0.361482 0.177361 -0.000310 0.000043 0.000000

rectification
0.999772 -0.006355 0.020401
0.006383 0.999979 -0.001310
-0.020392 0.001440 0.999791

projection
781.452597 0.000000 488.552410 -93.639628
0.000000 781.452597 382.973476 0.000000
0.000000 0.000000 1.000000 0.000000

